587 
146 881 
481 772 346 
176 308 148 99 
656 850 170 370 919 
390 347 500 758 84 521 
988 989 824 993 202 132 124 
633 542 377 334 517 280 587 587 
572 130 556 492 243 114 127 209 460 
492 748 150 801 430 401 340 322 286 94 
887 42 576 281 155 162 580 258 359 980 474 
924 996 909 780 604 239 556 57 301 171 594 548 
688 847 376 139 449 490 697 981 927 247 853 131 152 
187 268 295 41 644 429 314 238 281 981 284 878 246 607 
954 600 539 80 713 525 93 729 795 951 270 170 926 362 227 
221 399 857 535 319 375 998 504 930 398 283 99 794 875 477 948 
285 205 64 745 208 463 106 297 879 66 182 439 987 611 270 584 279 
807 334 172 826 58 791 594 68 950 490 313 951 753 289 240 513 566 806 
910 588 734 940 695 976 516 672 630 380 679 431 264 407 523 779 915 407 247 
474 337 554 207 668 748 709 759 164 58 855 622 680 575 576 247 717 138 141 574 
477 952 55 438 133 646 899 370 128 663 221 391 188 72 406 544 32 194 770 704 983 
682 942 431 186 727 218 150 303 880 472 106 726 934 802 322 119 238 388 702 358 159 713 
216 982 724 831 627 444 734 69 459 986 698 983 308 839 469 153 136 837 908 980 877 775 35 
125 489 765 317 783 404 700 745 777 355 416 43 491 681 142 84 499 47 623 492 284 193 770 684 
648 599 271 857 952 606 352 44 426 951 654 257 392 800 975 906 324 958 624 364 695 766 562 862 882 
314 613 489 247 737 95 583 290 264 71 551 378 299 958 317 69 141 158 137 802 990 955 577 833 509 554 
182 326 898 480 677 849 103 219 637 279 152 818 187 537 919 880 731 921 800 711 597 498 222 127 956 966 784 
30 291 709 554 939 758 368 381 143 316 625 895 701 831 487 911 261 755 411 110 67 359 942 966 680 348 173 390 
502 750 752 800 663 637 348 549 844 271 140 628 598 407 698 568 133 793 288 378 210 689 713 597 333 498 597 124 495 
60 216 748 735 78 185 305 88 528 530 860 997 726 513 731 900 661 758 605 315 529 858 694 889 384 898 352 766 976 199 
258 36 606 68 68 547 964 748 886 883 873 570 611 790 198 481 377 910 298 758 66 831 201 534 409 324 837 261 410 180 264 
215 485 654 99 404 608 144 955 747 299 275 694 711 929 733 801 380 602 224 109 487 437 140 557 713 272 671 65 630 683 147 997 
421 303 407 279 674 384 968 455 372 891 414 36 702 180 211 928 822 549 970 938 120 780 519 688 165 439 496 143 978 56 777 996 961 
560 426 334 49 262 218 997 728 630 35 515 673 675 822 649 845 284 40 226 92 309 210 479 935 904 131 166 322 810 725 94 864 210 917 
387 230 290 302 184 710 138 314 770 50 785 762 195 739 681 647 866 253 787 847 311 921 643 498 165 978 101 219 858 161 315 216 492 397 913 
352 203 887 295 101 39 369 880 228 168 948 292 224 953 927 246 454 936 664 622 321 313 247 213 393 531 891 377 38 120 201 239 951 371 588 967 
141 99 728 728 109 693 676 205 39 244 247 117 992 901 435 243 637 204 119 245 923 61 943 156 443 192 648 321 45 74 57 885 462 509 401 702 385 
753 803 915 762 611 152 589 268 309 238 686 373 875 906 964 360 253 515 126 775 499 431 576 908 39 664 551 196 669 861 357 120 582 210 812 744 523 814 
728 238 725 445 174 350 88 183 504 438 436 83 50 118 130 655 782 85 396 178 426 880 32 299 919 257 997 422 181 227 656 304 180 976 966 525 857 370 719 
636 392 459 765 68 614 841 924 446 783 422 800 190 471 248 46 622 339 402 400 754 750 587 136 833 165 886 220 101 627 277 89 695 914 210 253 833 613 841 896 
375 694 942 519 296 934 376 62 666 267 97 900 678 108 120 926 693 877 36 532 894 666 836 971 360 356 504 557 746 950 330 266 637 782 395 496 795 809 173 332 288 
51 670 249 914 741 953 533 803 507 491 774 809 596 69 795 648 734 699 586 606 631 442 277 84 621 283 654 958 982 862 859 696 919 262 996 399 453 529 817 524 218 708 
191 272 843 462 712 688 124 965 166 942 562 413 833 741 268 865 529 547 237 923 822 31 705 743 456 922 975 212 148 996 692 383 127 533 485 576 746 960 422 441 464 712 722 
734 590 922 479 729 150 451 644 390 968 570 851 793 740 126 323 894 709 287 820 452 691 937 708 740 642 817 252 263 445 881 713 424 739 178 344 248 889 107 231 435 918 129 921 
334 575 780 230 175 220 942 314 604 426 469 805 268 532 838 330 655 960 82 850 727 803 802 621 704 187 79 859 450 982 451 844 106 999 202 868 668 758 916 978 377 307 847 446 574 
55 809 342 807 536 895 405 565 142 626 68 523 282 452 768 629 887 754 184 994 723 504 850 939 151 702 798 757 379 734 654 754 634 775 795 512 344 236 665 630 324 651 415 132 873 282 
94 696 839 519 812 395 681 197 772 472 587 205 611 305 756 341 134 488 835 196 951 47 323 998 902 383 62 747 210 651 215 514 201 202 887 791 781 706 241 856 432 646 423 775 767 337 195 
371 120 715 459 947 986 594 236 318 890 846 62 957 427 348 267 637 681 44 375 726 779 835 866 879 216 728 562 54 923 922 101 286 714 140 120 435 164 605 342 553 661 79 659 826 799 670 574 
89 324 315 216 835 44 50 851 337 136 364 440 39 463 250 521 466 31 243 487 332 603 74 301 667 416 825 393 285 360 851 81 189 118 301 75 919 661 708 586 212 35 118 95 199 652 111 57 262 
324 56 766 87 54 902 266 755 733 715 468 494 998 937 170 49 250 633 216 952 685 679 77 253 895 933 468 600 874 204 595 275 137 294 550 77 634 714 218 426 511 335 76 91 233 489 862 454 314 593 
198 413 266 161 795 147 409 247 523 601 245 921 85 714 331 107 882 942 99 436 630 208 544 765 193 672 501 519 403 403 165 381 181 345 795 261 277 288 957 512 883 913 303 560 307 885 632 203 917 462 568 
718 197 146 491 220 668 335 718 914 229 144 372 788 46 236 694 415 315 799 234 130 499 570 590 52 504 462 600 59 624 470 979 540 682 654 176 746 856 354 412 318 85 840 789 404 273 48 175 874 704 991 832 
152 436 173 495 388 624 580 721 925 994 149 968 122 342 697 655 461 927 868 442 551 546 898 48 771 425 886 572 646 646 239 661 67 723 705 530 342 774 164 345 331 800 250 445 923 413 698 997 435 130 674 972 584 
830 398 158 473 545 235 795 945 593 651 164 921 47 714 722 262 464 237 596 824 718 602 776 794 440 479 105 507 683 133 499 839 525 881 174 197 516 270 240 348 65 521 373 802 485 102 405 432 458 370 615 476 385 449 
145 765 463 564 175 349 764 839 585 279 688 920 716 462 823 426 517 399 803 998 217 538 621 762 790 436 583 79 768 856 252 55 345 408 259 786 112 551 211 891 699 838 803 973 507 556 700 613 266 425 71 263 520 696 274 
331 241 673 196 552 622 578 610 705 530 746 946 375 808 899 218 587 463 624 93 261 167 355 950 579 554 572 902 322 425 493 925 924 943 298 325 224 336 568 290 186 767 499 134 989 959 799 310 401 532 594 303 644 150 111 703 
245 779 160 668 762 210 492 561 278 926 463 856 716 446 949 449 216 973 259 987 354 277 242 273 309 740 792 764 263 320 997 327 762 283 632 780 354 537 446 893 183 225 104 442 684 356 703 238 412 244 679 590 987 36 687 707 670 
228 138 419 441 587 138 573 422 830 880 659 88 170 278 652 751 542 913 593 123 58 491 923 773 106 741 699 835 708 515 328 712 138 609 647 722 59 431 190 600 370 188 430 565 955 707 687 327 610 425 68 820 898 595 579 45 627 878 
656 362 113 422 811 471 249 909 75 591 164 507 37 779 881 685 46 298 477 252 596 638 191 873 486 505 931 487 34 603 637 826 935 102 665 298 435 246 733 432 68 782 436 683 699 705 951 681 710 109 36 174 788 886 930 333 714 854 320 
230 172 444 965 375 225 197 945 196 559 506 402 573 878 458 366 132 658 508 409 904 119 977 129 503 545 536 108 61 963 578 671 50 744 102 441 770 291 429 123 760 752 589 824 298 854 240 670 343 392 703 753 203 221 64 332 887 386 193 886 
401 755 483 421 125 45 161 320 827 476 831 450 642 542 308 601 570 781 694 296 819 434 762 845 818 335 513 386 804 125 513 969 239 407 893 752 462 87 832 618 178 167 102 131 267 361 404 758 139 844 937 508 468 400 661 881 408 789 555 413 987 
175 475 825 670 943 140 740 265 998 769 864 330 756 223 113 557 272 911 654 719 208 240 680 514 929 308 483 573 255 644 793 273 247 198 101 363 638 377 387 626 51 280 650 699 129 209 329 747 391 943 561 205 894 517 350 828 988 750 819 693 470 83 
893 360 317 64 447 954 412 914 712 742 604 607 903 967 637 322 761 785 341 757 476 307 993 717 410 266 142 175 209 209 639 728 669 836 960 627 543 469 798 126 201 95 794 553 457 331 62 220 798 991 135 113 35 640 361 277 67 754 376 278 157 983 122 
166 884 59 320 218 101 113 127 120 87 572 207 64 241 409 649 601 209 124 474 881 420 334 863 519 425 929 606 862 591 297 503 564 740 854 264 460 167 60 556 39 800 681 213 531 487 936 289 42 540 986 721 135 177 513 100 770 270 773 983 176 320 340 283 
489 244 392 560 452 455 872 736 361 453 272 291 605 732 950 577 98 46 935 504 58 824 88 469 87 374 219 319 820 30 875 608 55 326 99 483 522 73 140 235 876 112 756 192 382 662 937 694 326 273 68 262 854 151 725 649 928 495 761 816 932 685 965 843 416 
996 807 334 83 131 362 508 134 591 797 686 889 999 474 738 228 237 710 701 504 315 146 235 511 437 385 845 214 63 151 515 182 154 602 254 442 497 637 261 931 49 404 235 715 249 801 420 978 728 377 642 827 622 768 924 759 930 912 565 568 524 736 825 391 298 98 
228 899 556 125 302 737 905 511 690 986 530 851 916 785 219 629 141 238 533 219 479 505 264 870 183 404 818 317 650 301 89 618 930 711 176 404 200 207 141 908 833 727 350 678 319 498 470 492 399 443 541 363 705 165 141 891 936 332 397 551 117 203 933 619 511 156 139 
203 114 790 178 158 681 527 101 178 671 700 168 884 65 504 318 125 444 190 582 42 654 162 166 547 151 970 524 995 512 321 527 126 480 119 150 957 307 56 234 490 717 187 866 612 661 411 572 729 637 883 257 679 679 182 759 987 230 83 57 742 586 189 730 411 592 834 753 
255 382 975 171 324 546 735 280 165 306 80 554 122 235 977 705 468 680 91 174 337 415 576 140 747 229 522 286 807 451 458 365 318 541 53 32 600 528 60 602 831 296 361 637 828 287 874 601 364 925 610 987 789 293 577 666 548 933 951 951 577 217 881 442 999 382 566 969 355 
857 580 732 182 588 211 77 787 822 500 938 514 431 144 652 590 33 857 92 177 360 942 660 982 755 698 758 589 616 566 952 292 286 447 500 592 434 579 219 152 299 904 603 686 969 817 565 745 88 189 252 893 744 562 835 305 605 80 831 330 191 218 589 202 845 999 960 596 321 98 
743 103 795 929 594 596 59 711 546 800 735 960 241 996 404 680 808 137 743 419 649 568 474 159 216 143 423 606 428 199 580 908 633 362 666 118 770 340 759 869 53 571 261 437 715 890 500 492 609 819 784 594 702 386 945 866 231 657 401 708 931 417 412 561 207 374 367 657 400 810 154 
776 636 144 567 682 559 384 93 333 542 476 843 277 981 884 379 287 761 618 716 868 785 824 680 662 391 948 91 39 318 700 986 938 452 844 807 791 95 635 785 590 305 749 644 389 460 502 639 92 142 136 705 473 292 278 482 590 111 130 401 125 219 52 658 730 81 601 290 351 362 265 990 
727 204 92 619 65 861 121 62 483 231 352 413 490 892 832 787 656 385 662 840 781 725 462 839 121 380 309 430 73 81 970 899 809 485 139 179 659 614 663 619 438 127 190 679 951 737 916 43 673 687 160 351 635 776 572 979 313 630 589 647 947 169 730 339 733 365 854 288 226 473 850 544 807 
171 572 474 772 723 636 87 415 856 936 101 200 239 366 372 953 506 936 96 240 317 264 34 997 90 530 463 765 53 203 398 458 856 750 534 966 944 477 657 342 456 933 323 477 964 419 302 342 259 360 670 222 265 34 886 206 607 642 595 552 107 895 40 459 376 669 148 760 570 329 786 329 633 518 
352 897 334 498 169 378 963 77 663 112 888 116 820 684 439 237 521 506 43 78 351 326 954 335 373 630 880 457 109 87 195 115 530 408 961 537 186 556 931 60 680 127 410 965 634 714 532 356 786 517 494 888 540 46 661 566 394 785 832 110 890 136 714 630 298 392 230 842 72 509 267 673 729 343 678 
77 511 143 48 588 31 212 656 805 414 538 331 391 194 72 192 519 171 835 788 328 107 445 419 158 361 589 408 700 343 989 890 597 388 597 694 576 637 884 953 383 48 495 189 411 460 315 830 500 873 439 263 445 900 863 432 303 666 652 916 499 396 88 197 563 556 630 449 657 930 865 249 217 539 723 523 
954 101 373 574 641 146 710 104 209 660 920 63 349 871 181 108 151 739 667 496 961 90 999 691 470 153 156 698 220 342 138 379 674 883 229 538 726 471 550 915 213 438 590 370 380 276 223 245 344 415 970 393 368 359 480 159 257 409 644 408 558 663 193 47 226 93 357 704 699 77 640 753 985 901 547 726 977 
53 695 281 940 353 33 271 100 758 261 655 620 79 65 565 925 821 449 182 958 575 206 249 126 159 315 650 625 87 443 126 613 33 46 751 679 462 627 256 666 189 190 921 612 404 741 674 87 191 307 862 184 485 683 337 461 236 690 605 746 285 417 646 410 102 354 401 513 264 281 187 256 941 920 821 953 843 86 
951 217 140 519 804 550 832 154 359 627 853 230 892 959 66 978 101 350 201 291 950 145 532 471 190 464 843 792 281 689 805 306 903 622 575 587 514 545 93 174 301 345 455 271 544 932 857 971 233 791 536 308 932 306 896 344 106 989 686 134 137 321 828 979 963 772 607 517 439 234 568 299 950 49 877 683 47 603 367 
580 42 860 942 480 976 817 512 81 702 723 225 844 529 407 639 321 426 847 251 454 539 375 415 246 352 545 461 963 376 180 131 813 848 698 976 721 167 252 631 232 213 874 147 988 568 804 672 492 361 99 120 291 294 56 105 216 480 320 178 444 293 141 664 561 895 943 793 572 316 365 184 868 42 449 861 409 394 672 765 
144 68 641 126 399 849 787 56 147 350 722 843 996 775 899 153 173 960 547 604 46 932 815 106 820 581 440 889 305 302 831 487 145 618 873 776 557 713 43 845 888 755 777 201 872 38 139 737 278 257 688 884 87 709 230 194 258 871 59 322 196 649 980 967 547 552 961 362 811 66 633 301 323 593 644 145 647 790 755 924 142 
535 645 982 932 128 202 946 389 758 201 912 957 335 541 155 380 734 56 472 619 541 998 837 919 447 649 680 735 279 425 261 495 255 622 512 713 246 444 536 845 679 832 920 55 356 934 589 131 131 381 473 245 590 815 178 781 185 944 897 631 881 430 821 615 407 437 869 103 791 392 119 783 272 899 266 526 797 726 754 991 789 112 
334 977 121 795 299 111 605 454 152 636 605 172 743 904 425 833 805 789 458 509 887 268 946 486 985 696 289 362 386 637 708 829 289 816 498 399 761 784 607 631 128 466 98 289 268 530 543 442 98 421 581 773 645 72 824 473 408 368 528 345 774 693 966 489 413 937 661 116 949 949 445 392 290 858 496 388 129 543 197 545 303 910 828 
246 482 696 346 725 133 30 147 50 246 453 747 456 78 532 248 495 321 762 961 549 155 869 296 255 129 541 805 862 337 339 596 415 40 100 335 300 841 552 842 946 960 36 374 196 439 241 353 838 308 536 259 558 812 275 846 248 140 70 835 181 136 718 735 338 725 949 901 995 358 706 491 40 379 351 971 643 218 328 616 717 900 738 578 
254 704 932 858 904 617 769 950 489 450 565 856 858 562 878 171 258 869 281 580 519 770 646 165 620 676 894 194 943 93 386 446 393 482 353 924 758 237 677 800 692 356 598 631 605 641 500 529 637 308 846 595 902 463 872 813 298 644 909 121 448 346 170 499 591 637 827 182 554 321 897 839 283 924 189 97 203 487 581 740 331 754 471 842 67 
314 164 207 557 310 909 526 794 734 513 873 203 534 725 530 336 412 113 173 438 579 68 866 549 117 653 495 278 462 190 52 952 704 846 237 591 551 511 508 482 915 264 478 357 227 405 563 206 969 287 440 977 76 255 280 535 133 190 499 610 438 873 895 65 233 973 683 850 147 138 619 646 70 492 968 189 369 704 451 748 127 326 748 917 858 818 
165 203 663 124 443 440 982 317 710 549 782 816 405 643 631 810 507 749 451 56 921 396 487 261 943 875 181 897 585 620 332 61 351 924 687 577 67 108 513 38 444 757 848 167 156 840 891 476 393 103 258 124 53 655 584 892 486 196 132 37 456 66 595 428 393 38 651 218 670 994 409 208 769 918 692 369 312 865 292 43 894 104 454 414 825 476 719 
792 162 651 868 574 61 156 344 865 333 213 950 784 810 643 165 80 695 891 101 131 112 187 317 45 84 815 105 923 467 75 791 269 451 660 314 222 877 987 57 796 486 86 410 620 819 854 298 683 896 477 748 805 148 377 985 642 188 840 709 710 49 471 755 439 286 216 225 517 881 546 53 572 898 927 714 926 650 683 199 733 808 289 800 231 85 809 643 
529 38 993 256 205 895 482 831 953 692 555 998 785 579 649 372 262 582 607 38 906 428 104 705 724 896 452 523 620 91 137 600 299 892 629 563 843 75 908 322 451 697 693 828 88 861 368 262 863 342 726 722 43 318 865 345 989 595 605 888 579 805 214 615 51 68 134 274 243 219 349 102 743 904 677 554 552 508 547 838 937 164 664 289 126 869 994 64 728 
41 444 118 479 333 236 166 266 978 584 770 819 551 690 767 359 341 823 419 699 621 38 699 400 521 620 218 950 857 626 651 159 399 147 474 542 832 109 724 506 942 964 803 80 460 738 598 998 38 201 67 393 198 982 857 189 763 728 839 433 498 270 38 858 835 707 499 605 624 115 482 171 253 740 466 114 686 768 88 653 965 424 605 743 342 75 986 865 61 968 
492 534 511 602 90 568 31 146 198 777 140 153 49 986 323 617 226 48 620 881 537 487 486 133 392 318 51 755 481 888 891 831 922 664 142 184 787 751 65 420 586 358 612 834 90 86 901 57 72 463 672 802 603 320 543 936 309 661 855 470 306 921 62 80 789 305 113 231 225 768 592 848 595 105 534 871 898 265 494 850 155 373 235 538 939 780 654 831 551 986 572 
711 296 615 686 476 974 820 854 393 641 362 992 48 164 720 594 653 336 822 32 299 239 795 689 350 311 182 823 238 713 573 734 226 978 308 333 802 458 819 603 150 452 722 164 999 909 698 682 193 200 134 723 948 369 418 461 665 236 223 783 393 764 253 767 833 355 299 601 451 230 160 550 661 398 508 614 163 728 627 640 422 945 509 43 638 205 904 173 679 559 621 538 
315 407 163 265 303 32 601 244 688 895 252 117 553 183 163 61 634 918 620 238 373 595 760 172 515 326 407 618 388 207 599 36 477 265 386 384 995 60 218 227 684 94 417 497 981 112 932 41 595 668 516 291 761 352 930 741 899 76 267 58 163 103 732 465 439 150 734 933 251 970 569 151 852 480 343 354 563 543 992 640 438 625 315 357 524 619 265 50 989 564 463 682 330 
252 464 805 577 245 756 582 211 436 545 986 358 561 848 338 569 159 510 910 189 86 504 920 370 979 213 643 253 61 829 964 829 715 260 518 656 471 363 871 484 823 58 183 578 398 661 631 161 397 794 727 991 989 546 358 958 216 121 487 581 542 51 944 585 424 209 526 836 695 719 472 84 884 586 318 794 548 63 157 389 48 714 874 167 160 604 339 627 292 900 736 464 52 550 
704 292 728 451 506 785 400 988 805 341 394 536 573 981 968 581 706 197 657 710 893 706 73 574 213 578 950 603 542 181 251 263 74 595 879 753 410 110 319 829 878 808 912 303 404 416 807 443 992 417 153 845 599 679 781 720 892 657 168 575 511 705 260 740 867 366 943 506 887 749 43 475 597 447 169 880 813 373 888 641 867 865 401 264 296 919 351 615 970 876 281 484 768 154 878 
353 638 455 701 122 589 484 838 230 155 320 468 186 77 880 256 596 987 643 955 646 437 251 550 320 604 655 769 594 741 798 576 329 447 61 116 275 925 488 37 340 974 140 194 617 926 841 54 429 661 530 118 599 144 802 523 689 116 756 198 796 768 753 261 655 337 364 48 418 547 266 743 447 218 329 788 193 335 65 405 206 757 287 675 721 844 969 964 491 635 927 851 271 916 887 240 
294 822 767 777 688 322 138 63 263 280 593 198 563 69 908 833 272 375 477 67 55 355 176 153 801 214 530 433 525 129 614 770 425 432 82 152 850 630 360 996 623 814 923 305 392 982 596 597 580 597 310 975 56 652 603 623 275 193 275 790 205 841 796 326 110 229 737 713 292 612 64 545 156 760 384 772 458 750 508 846 938 949 463 736 201 739 698 216 636 902 68 490 492 58 203 243 963 
897 355 961 184 864 46 301 554 194 902 466 196 107 351 401 977 363 476 835 226 319 270 389 973 228 188 96 678 974 453 833 541 802 390 300 774 741 947 831 881 757 141 886 695 399 863 307 604 307 261 446 891 882 248 487 532 864 866 860 864 476 96 839 345 85 732 40 964 839 224 166 143 801 355 249 853 423 774 464 429 140 443 948 216 193 437 681 444 702 437 541 351 363 866 894 518 780 677 
237 256 728 453 922 411 999 717 162 255 766 392 506 249 572 718 107 785 383 908 212 388 497 855 834 309 649 337 607 84 332 442 33 564 794 176 478 155 673 779 891 383 988 927 990 136 753 522 716 84 187 280 965 958 293 570 242 687 437 236 719 591 780 288 565 92 63 992 377 153 164 253 269 500 374 315 688 535 637 91 103 921 554 348 137 540 848 559 356 724 923 952 947 195 750 761 446 766 106 
45 804 704 739 534 823 247 636 310 475 647 558 370 622 120 436 55 480 587 268 784 970 680 31 115 200 662 556 933 376 892 494 231 924 867 374 360 282 624 850 568 414 926 472 196 799 925 238 222 479 888 919 609 659 441 141 259 456 38 554 162 256 128 741 627 818 404 763 360 523 192 578 473 94 463 927 509 613 595 852 545 297 420 697 747 83 278 785 857 518 525 514 545 682 884 208 791 941 415 309 
